
Mcg             0.4944     0.5253      0.502     0.4644      0.816     0.5486     0.3223     0.4122     0.3897     0.5816     0.4537     0.3975     0.3653     0.3703     0.3767     0.6312      0.775     0.4697     0.3924     0.4942     0.4703     0.4782     0.2756     0.3782     0.4722     0.3638     0.4625     0.7086      0.536     0.5244     0.7399     0.5098     0.4821     0.5664     0.3987
Gvh             0.4947     0.5451     0.4967     0.4568     0.7791     0.4225     0.3708     0.7156     0.3206     0.6204       0.45     0.5042     0.5178     0.4976     0.2133     0.5818     0.7467     0.3771     0.3988     0.4596     0.4134     0.5366     0.3435     0.3671     0.5463     0.5049     0.4518     0.5032     0.4412     0.6002     0.6246     0.4782     0.5437     0.5093     0.3496
Alm             0.5002     0.5336     0.5113     0.5764     0.3837     0.5725     0.3062     0.4385     0.5933       0.51        0.5        0.7     0.5328     0.5036       0.93     0.5002     0.4833     0.3595     0.5188     0.4921     0.5906     0.5729     0.5231     0.4953     0.5137      0.373     0.4949     0.5346     0.4912     0.3592     0.4199     0.5226     0.5258     0.5154     0.5519
Mit             0.2604     0.2007     0.2533     0.1952     0.3477     0.2025     0.1731     0.1981     0.3739     0.1984     0.2325     0.1742     0.1778     0.4158     0.7967     0.4967       0.28     0.2239     0.1919       0.46     0.1943     0.3175     0.1854     0.2341     0.6707     0.1955      0.183     0.2293     0.2971     0.2362     0.2396     0.4815     0.2047     0.1408     0.1806
Erl             0.5048        0.5        0.5        0.5        0.5        0.5        0.5        0.5        0.5        0.5          1        0.5        0.5        0.5        0.5        0.5          1        0.5        0.5        0.5        0.5        0.5        0.5        0.5        0.5        0.5        0.5        0.5        0.5        0.5        0.5        0.5        0.5        0.5        0.5
Pox             0.0077          0      0.742          0          0          0          0          0          0          0          0          0          0          0          0          0          0          0          0          0          0          0          0          0          0          0          0          0          0          0          0          0          0          0          0
Vac              0.501     0.5116     0.5087     0.3068     0.5009      0.484     0.5069     0.5122     0.4358     0.4985       0.52     0.5258     0.4951     0.5021       0.16     0.4875     0.5333     0.5087     0.4917     0.5079     0.5771     0.4943     0.5062     0.5159     0.4939     0.5081     0.5188     0.4629     0.5081     0.5179     0.5499     0.5059     0.5079     0.5143     0.4908
Nuc             0.2774     0.4209     0.2373     0.2232     0.2574     0.2297     0.2619     0.2578     0.2315     0.2371     0.3075     0.2458     0.2339      0.267     0.0067     0.2622     0.2417     0.2484     0.4726     0.4938     0.2477     0.2175     0.2931     0.7453     0.2459     0.2551     0.2484      0.265     0.2727     0.2575     0.2454     0.2352     0.6637     0.2505     0.2421
Class         negative   negative   negative   negative   negative   negative   negative   negative   negative   negative   negative   negative   negative   negative   negative   negative   negative   negative   negative   negative   negative   negative   negative   negative   negative   negative   negative   negative   negative   negative   negative   negative   negative   negative   negative
